((("cm" .
   [2 0])
  ("w_slim" .
   [2 0 0 0 0 0])
  ("slim.null" .
   [2 0 0 0 0 0 0 0 0])
  ("slim.lor" .
   [1 0 0 0 0 0 0 1])
  ("slim_go" .
   [1 0 0 0 0 0 0])
  ("slim" .
   [1 0 0 0])
  ("key-chord-define-global" .
   [2 0 0 0 0 0 0 0 0 0 0 0 0 0 0 0 0 0 0 0 0 0 0])
  ("cont" .
   [1 0 0 0])
  ("warning" .
   [1 0 0 0 0 0 0])
  ("asdasd" .
   [1 0 0 0 0 0])
  ("block" .
   [1 0 0 0 0])
  ("plotHive" .
   [0 0 0 0 0 1 0 0])
  ("hiv" .
   [1 0 0])
  ("dplyr::select" .
   [3 0 0 0 0 0 0 0 0 0 0 0 0])
  ("nodes" .
   [2 0 0 0 0])
  ("dplyr::rename" .
   [2 0 0 0 0 0 0 0 0 0 0 1 0])
  ("Safari" .
   [2 0 0 0 0 0])
  ("inner_join" .
   [1 0 0 0 0 1 0 0 0 0])
  ("0.001" .
   [1 0 0 0 0])
  ("$lab" .
   [1 0 0 1])
  ("lab" .
   [1 0 0])
  ("rbind_list" .
   [1 0 0 0 0 0 0 0 0 0])
  ("bind_rows" .
   [1 0 0 0 0 0 0 1 0])
  ("edge2HPD" .
   [0 0 0 0 0 0 1 0])
  ("DataFrame" .
   [1 1 0 0 0 0 0 0 0])
  ("edges" .
   [3 0 0 0 0])
  ("require" .
   [2 0 0 0 0 0 0])
  ("bp_lev" .
   [9 0 0 0 0 0])
  ("GO.db" .
   [2 0 0 0 0])
  ("bp" .
   [16 0])
  ("as.list" .
   [1 0 0 0 0 0 0])
  ("GOBPCHILDREN" .
   [0 0 0 0 1 0 0 0 0 0 0 0])
  ("data" .
   [3 0 0 0])
  ("test3" .
   [1 0 0 0 0])
  ("go_bp" .
   [1 0 0 0 0])
  ("columns" .
   [4 0 0 0 0 0 0])
  ("test33$result" .
   [0 0 0 0 0 0 0 0 0 1 0 0 0])
  ("test33" .
   [0 0 0 0 0 1])
  ("test$result" .
   [1 0 0 0 0 0 0 0 0 0 0])
  ("mapping" .
   [2 0 0 0 0 0 0])
  ("annFUN.org" .
   [0 0 0 0 0 0 2 0 0 0])
  ("r.univ" .
   [1 0 0 0 0 0])
  ("test.set" .
   [2 0 0 0 0 0 0 0])
  ("write.csv" .
   [2 0 0 0 0 0 0 0 0])
  ("ec" .
   [1 0])
  ("kegg1" .
   [1 0 0 0 0])
  ("gff" .
   [1 0 0])
  ("setwd" .
   [1 0 0 0 0])
  ("aov" .
   [2 0 0])
  ("anova" .
   [1 0 0 0 0])
  ("trimmomatic" .
   [0 0 0 0 0 0 1 0 0 0 0])
  ("cutadapt" .
   [1 0 0 0 0 0 0 0])
  ("TRIMMER" .
   [2 0 0 0 0 0 0])
  ("hkl" .
   [1 0 0])
  ("hk" .
   [4 0])
  ("VCF_out" .
   [1 0 0 0 0 0 0])
  ("dlply" .
   [1 0 0 0 0])
  ("eqtl" .
   [2 0 0 0])
  ("eqtl$cis$eqtls$gene" .
   [1 0 0 0 0 0 0 0 0 0 0 0 0 0 0 0 0 0 0])
  ("eqtl$cis$eqtls$snps" .
   [1 0 0 0 0 0 0 0 0 0 0 0 0 0 0 0 0 0 0])
  ("eqtl$cis" .
   [1 0 0 0 0 0 0 0])
  ("me" .
   [2 0])
  ("stripchart" .
   [0 0 0 0 0 1 0 0 0 0])
  ("0.05" .
   [1 0 0 0])
  ("snps" .
   [2 0 0 0])
  ("gene.sel" .
   [2 0 0 0 0 0 0 0])
  ("genes.loc" .
   [2 0 0 0 0 0 0 0 1])
  ("genes" .
   [5 0 0 0 0])
  ("synth$chr2" .
   [1 0 0 0 0 0 0 0 0 0])
  ("synth$chr1" .
   [1 0 0 0 0 0 0 0 0 0])
  ("synth" .
   [3 0 0 0 0])
  ("karyo$chrom" .
   [1 0 0 0 0 0 0 0 0 0 0])
  ("karyo" .
   [2 0 0 0 0])
  ("karyo.c" .
   [1 0 0 0 0 0 0])
  ("geom_crossbar" .
   [1 0 0 0 0 0 0 0 0 0 0 0 0])
  ("s.dd" .
   [3 0 0 0])
  ("stage.c$day" .
   [1 0 0 0 0 0 0 0 0 0 0])
  ("facet_wrap" .
   [1 0 0 0 0 0 0 0 0 0])
  ("avg_perc" .
   [1 0 0 0 0 0 0 0])
  ("s.gg" .
   [6 0 0 0])
  ("stage.dd$value" .
   [1 0 0 0 0 0 0 0 0 0 0 0 0 0])
  ("stage.dd$variable" .
   [1 0 0 0 0 0 0 0 0 0 0 0 0 0 0 0 0])
  ("stage.dd$perc" .
   [1 0 0 0 0 0 0 0 0 0 0 0 0])
  ("transform" .
   [1 0 0 0 0 0 0 0 0])
  ("count.type" .
   [2 0 0 0 0 0 0 0 0 0])
  ("day" .
   [1 0 0])
  ("experiment" .
   [1 0 0 0 0 0 0 0 0 0])
  ("stage.c" .
   [4 0 0 0 0 0 0])
  ("overlap" .
   [1 0 0 0 0 0 0])
  ("calculate.overlap" .
   [0 0 0 0 0 0 0 0 0 1 0 0 0 0 0 0 0])
  ("counts" .
   [1 0 0 0 0 0])
  ("cex" .
   [4 0 0])
  ("vp" .
   [1 0])
  ("grill" .
   [3 0 0 0 0])
  ("quartz" .
   [4 0 0 0 0 0])
  ("ssaVWD" .
   [1 0 0 0 0 0])
  ("ensVWD" .
   [1 0 0 0 0 0])
  ("1:" .
   [0 1])
  ("qdom" .
   [1 0 0 0])
  ("VWD" .
   [3 0 0])
  ("ssaDOM.fa" .
   [1 0 0 0 0 0 0 0 0])
  ("ssaDOM" .
   [0 0 0 0 0 1])
  ("get.domain" .
   [1 0 0 0 0 0 0 0 0 0])
  ("which" .
   [1 0 0 0 0])
  ("pep.id" .
   [1 0 0 0 0 0])
  ("1:nrow" .
   [1 0 0 0 0 0])
  ("cat" .
   [1 0 0])
  ("idx" .
   [6 0 0])
  ("domO" .
   [1 0 0 0])
  ("domS" .
   [15 0 0 0])
  ("ens.domS" .
   [3 0 0 0 0 0 0 0])
  ("ident.dom.seq" .
   [1 0 0 0 0 0 0 0 0 0 0 0 0])
  ("dom.col" .
   [2 0 0 0 0 0 0])
  ("ens.dom" .
   [1 0 0 0 0 0 0])
  ("sequence" .
   [1 0 0 0 0 0 0 0])
  ("DOMAIN" .
   [1 0 0 0 0 0])
  ("ens.dom$qlen" .
   [0 0 0 0 0 0 0 0 2 0 0 0])
  ("ginf" .
   [1 0 0 0])
  ("ginf$gene_biotype" .
   [0 0 0 0 0 1 0 0 0 0 0 0 0 0 0 0 0])
  ("ginf$protein_id" .
   [0 0 0 0 0 0 0 0 0 0 1 0 0 0 0])
  ("pinf$protein_id" .
   [0 0 0 0 0 0 0 0 0 0 0 0 1 0 0])
  ("pinf" .
   [3 0 0 0])
  ("get.id" .
   [3 0 0 0 0 0])
  ("getLength" .
   [0 0 0 0 1 0 0 0 0])
  ("f.order" .
   [1 0 0 0 0 0 0])
  ("fa" .
   [5 0])
  ("fa.file" .
   [1 0 0 0 0 0 0])
  ("ens" .
   [2 0 0])
  ("ssa.dom$query.name" .
   [0 0 0 0 0 0 0 0 0 0 0 0 1 0 0 0 0 0])
  ("ssa.dom" .
   [5 0 0 0 0 0 0])
  ("pts" .
   [3 0 0])
  ("vwd" .
   [1 0 0])
  ("sea" .
   [1 0 0])
  ("sel" .
   [4 0 0])
  ("gfmVWD$V2" .
   [2 0 0 0 0 0 0 0 0])
  ("a$V1" .
   [1 0 0 0])
  ("ident.pairs" .
   [0 0 0 0 0 1 1 0 0 0 0])
  ("out" .
   [14 0 0])
  ("TIL" .
   [1 0 0])
  ("C8" .
   [1 0])
  ("dom" .
   [15 0 0])
  ("match" .
   [7 0 0 0 0])
  ("getSequence" .
   [0 0 0 0 0 0 3 0 0 0 0])
  ("gfmL" .
   [4 0 0 0])
  ("gfmVWD" .
   [9 0 0 0 3 0])
  ("gfmD$V1" .
   [1 0 0 0 0 0 0])
  ("grepl" .
   [4 0 0 0 0])
  ("gfmD" .
   [5 0 2 0])
  ("write.fasta" .
   [2 0 0 0 0 0 1 0 0 0 0])
  ("out_file" .
   [0 0 0 0 1 0 0 0])
  ("True" .
   [0 0 1 0])
  ("o" .
   [1])
  ("dxr" .
   [1 0 0])
  ("dex.filt" .
   [1 0 0 0 0 0 0 0])
  ("n.cores" .
   [1 0 0 0 0 0 0])
  ("args" .
   [1 0 0 0])
  ("targets" .
   [1 0 0 0 0 0 0])
  ("cbind" .
   [3 0 0 0 0])
  ("as.ts" .
   [2 0 0 0 0])
  ("kr.fit" .
   [1 0 0 0 0 0])
  ("topTable" .
   [1 0 0 0 0 0 0 0])
  ("rmat" .
   [1 0 0 0])
  ("at" .
   [1 0])
  ("y.bar" .
   [1 0 0 0 0])
  ("x.bar" .
   [0 0 1 0 0])
  ("xi" .
   [1 0])
  ("xscale" .
   [1 0 0 0 0 0])
  ("as.matrix" .
   [9 0 0 0 0 0 0 0 0])
  ("drop" .
   [3 0 0 0])
  ("nrow" .
   [1 0 0 0])
  ("p.data" .
   [1 0 0 0 0 0])
  ("files" .
   [1 0 0 0 0])
  ("data.list" .
   [2 0 0 0 0 0 0 0 0])
  ("bundle" .
   [1 0 0 0 0 0])
  ("strand" .
   [1 0 0 0 0 0])
  ("start" .
   [1 0 0 0 0])
  ("t" .
   [2])
  ("hit" .
   [2 0 0])
  ("name" .
   [2 0 0 0])
  ("read" .
   [1 0 0 0])
  ("almnt" .
   [3 0 1 0 0])
  ("tt$Var.1" .
   [1 0 0 0 0 0 0 0])
  ("ttt" .
   [1 0 0])
  ("exp" .
   [3 0 0])
  ("geom_jitter" .
   [1 0 0 0 0 0 0 0 0 0 0])
  ("tt$X1" .
   [1 0 0 0 0])
  ("geom_boxplot" .
   [1 0 0 0 0 0 0 0 0 0 0 0])
  ("X2" .
   [1 0])
  ("e.group" .
   [1 0 0 0 0 0 0])
  ("levels" .
   [1 0 0 0 0 2])
  ("tt$design_fact" .
   [0 0 0 0 0 1 0 0 0 0 0 0 0 0])
  ("gg.data" .
   [1 0 0 0 0 0 0])
  ("entry" .
   [3 0 0 0 0])
  ("melt.data.frame" .
   [0 0 0 0 0 0 0 0 0 1 0 0 0 0 0])
  ("mdf" .
   [4 0 0])
  ("grid.text" .
   [3 0 0 0 0 0 0 0 0])
  ("main" .
   [1 0 0 0])
  ("parse.label" .
   [1 0 0 0 0 0 0 0 0 0 0])
  ("parse" .
   [2 0 0 0 0])
  ("i" .
   [3])
  ("gene" .
   [2 0 0 0])
  ("Set1" .
   [1 0 0 0])
  ("palette" .
   [3 0 0 0 0 0 0])
  ("stop" .
   [6 0 1 0])
  ("all" .
   [6 0 0])
  ("gene.df$gene_id" .
   [1 0 0 0 0 0 0 0 0 0 0 0 0 0 0])
  ("gene.df$gene" .
   [0 0 0 0 0 0 0 0 0 0 0 1])
  ("sub2" .
   [1 0 0 0])
  ("order" .
   [13 0 0 0 0])
  ("get.genes" .
   [7 0 0 0 0 0 0 0 0])
  ("gene.df" .
   [5 0 0 0 0 0 0])
  ("unlist" .
   [9 0 0 0 0 0])
  ("sub.l" .
   [4 0 0 0 0])
  ("tapply" .
   [1 0 0 0 0 0])
  ("as.vector" .
   [1 0 0 0 0 0 0 0 0])
  ("grid.polyline" .
   [0 0 0 0 0 0 0 0 0 1 0 0 0])
  ("grid.lines" .
   [0 0 0 0 0 0 0 0 0 1])
  ("rank.matr" .
   [1 0 0 0 0 0 0 0 0])
  ("rank" .
   [3 0 0 0])
  ("wix$p.value" .
   [0 0 0 0 1 0 0 0 0 0 0])
  ("wix" .
   [1 0 0])
  ("in" .
   [16 0])
  ("for" .
   [11 0 0])
  ("t.list" .
   [3 0 0 0 0 0])
  ("testvec" .
   [2 0 0 0 0 0 0])
  ("rep" .
   [6 0 0])
  ("cont.G" .
   [1 0 0 0 0 0])
  ("mroast" .
   [1 0 0 0 1 0])
  ("hkV" .
   [2 0 0])
  ("objects" .
   [4 0 1 0 0 0 0])
  ("NULL" .
   [8 0 0 0])
  ("make.rcol" .
   [0 0 0 0 1 0 0 0 0])
  ("else" .
   [17 0 0 0])
  ("cvec" .
   [2 0 0 0])
  ("c" .
   [3])
  ("brewer.pal" .
   [1 0 0 1 0 0 1 0 0 0])
  ("as.integer" .
   [1 0 0 0 0 1 0 0 0 0])
  ("is.null" .
   [4 0 0 0 0 0 0])
  ("ncol" .
   [8 0 0 0])
  ("is.factor" .
   [0 0 0 0 0 0 1 0 0])
  ("col" .
   [16 0 0])
  ("read.fasta" .
   [0 0 0 0 1 1 0 0 0 0])
  ("afq$fact" .
   [1 0 0 0 0 0 0 0])
  ("hist" .
   [2 0 0 0])
  ("min" .
   [1 0 0])
  ("round" .
   [2 0 0 0 0])
  ("afq$fastq_1" .
   [0 0 0 0 0 0 0 0 0 0 1])
  ("geom_abline" .
   [1 0 0 0 0 0 0 0 0 0 0])
  ("theme_bw" .
   [1 0 0 0 0 0 0 0])
  ("theme" .
   [1 0 0 0 0])
  ("p7" .
   [1 0])
  ("p5" .
   [1 0])
  ("facet_grid" .
   [1 0 0 0 0 0 0 0 0 0])
  ("facet" .
   [3 0 0 0 0])
  ("geom_bar" .
   [3 0 0 0 0 0 0 0])
  ("paste" .
   [9 0 0 0 0])
  ("as.character" .
   [1 0 0 0 0 0 0 0 0 0 0 0])
  ("afq$p5" .
   [1 0 0 0 0 0])
  ("geom_point" .
   [3 0 0 0 0 0 0 0 0 0])
  ("NSC.name" .
   [1 0 0 0 0 0 0 0])
  ("fq.name" .
   [2 0 0 0 0 0 0])
  ("join" .
   [2 0 0 0])
  ("sum" .
   [4 0 0])
  ("x$p7" .
   [1 0 0 0])
  ("x$p5" .
   [1 0 0 0])
  ("trim" .
   [2 0 0 0])
  ("value" .
   [1 0 0 0 0])
  ("cor" .
   [1 0 0])
  ("xs" .
   [4 0])
  ("unique" .
   [5 0 0 0 0 0])
  ("data.frame" .
   [11 0 0 0 0 0 0 0 0 0])
  ("cumsum" .
   [1 0 0 0 0 0])
  ("duplicated" .
   [5 0 0 0 0 0 0 0 0 0])
  ("tt" .
   [8 0])
  ("x$rep" .
   [1 0 0 0 0])
  ("dim" .
   [40 0 0])
  ("ddply" .
   [2 0 0 0 1])
  ("afq$read" .
   [0 0 0 0 1 0 0 0])
  ("afq" .
   [11 0 0])
  ("fq" .
   [2 0])
  ("test2" .
   [3 0 0 0 0])
  ("x$run" .
   [1 0 0 0 0])
  ("fname" .
   [4 0 0 0 0])
  ("x$read" .
   [2 0 0 0 0 0])
  ("x$l" .
   [1 0 0])
  ("x$" .
   [1 0])
  ("gsub" .
   [12 0 0 0])
  ("x$Lane" .
   [1 0 0 0 0 0])
  ("x$NSC.name" .
   [1 0 0 0 0 0 0 0 0 0])
  ("x$NSC" .
   [1 0 0 0 0])
  ("all.info$fq" .
   [1 0 0 0 0 0 0 0 0 0 0])
  ("str" .
   [15 0 0])
  ("EXISTS" .
   [3 0 0 0 0 0])
  ("sample" .
   [1 0 0 0 0 0])
  ("sort" .
   [2 0 0 0])
  ("output.metrics" .
   [0 0 0 1 0 0 0 0 0 0 0 0 0 0])
  ("EOF" .
   [1 0 0])
  ("GENDIR" .
   [1 0 0 0 0 0])
  ("-p" .
   [1 0])
  ("test_idx" .
   [1 0 0 0 0 0 0 0])
  ("mkdir" .
   [2 0 0 0 0])
  ("int" .
   [4 0 0])
  ("write.xlsx" .
   [3 0 0 0 0 0 0 0 0 0])
  ("dd" .
   [1 0])
  ("org1" .
   [1 0 0 1])
  ("read.delim" .
   [2 0 0 0 0 0 0 0 0 0])
  ("read.table" .
   [3 0 0 0 0 0 0 0 0 0])
  ("R2" .
   [3 0])
  ("glmLRT" .
   [2 0 0 0 0 1])
  ("camera" .
   [3 0 0 0 0 0])
  ("CTRvsL" .
   [1 0 0 0 0 0])
  ("fit.g" .
   [1 0 0 0 0])
  ("write.table" .
   [4 0 0 0 0 0 0 0 1 0 0])
  ("merge" .
   [10 0 0 0 0])
  ("tpol.mart" .
   [1 0 0 0 0 0 0 0 0])
  ("mart.conn" .
   [1 0 0 0 0 0 0 0 0])
  ("split" .
   [10 0 0 0 0])
  ("tpol" .
   [3 0 0 0])
  ("1:3" .
   [4 0 2])
  ("r2" .
   [1 0])
  ("grid.newpage" .
   [5 0 0 0 0 0 0 0 0 0 0 0])
  ("f2" .
   [1 0])
  ("f1" .
   [2 0])
  ("length" .
   [22 0 0 1 0 0])
  ("gfun" .
   [1 0 0 0])
  ("r1" .
   [2 0])
  ("R1" .
   [3 4])
  ("qual" .
   [2 0 0 0])
  ("class" .
   [13 0 1 0 0])
  ("gdat" .
   [3 0 0 0])
  ("gg.linkF" .
   [2 0 0 0 0 0 0 0])
  ("try" .
   [1 0 0])
  ("reads" .
   [1 0 0 0 0])
  ("reports" .
   [2 0 0 0 0 0 0])
  ("FastQC" .
   [1 0 0 1 0 0])
  ("collect" .
   [2 0 0 0 0 0 0])
  ("mapp_summary/fastqc_trimmed.pdf" .
   [1 0 0 0 0 0 0 0 0 0 0 0 0 0 0 0 0 0 0 0 0 0 0 0 0 0 0 0 0 0 0])
  ("BATCH" .
   [1 0 0 0 0])
  ("CMD" .
   [1 0 0])
  ("qc_trim" .
   [1 0 1 0 0 0 0])
  ("IDX" .
   [1 0 0])
  ("FIRST" .
   [0 0 0 1 0])
  ("the" .
   [2 0 0])
  ("MASTER" .
   [2 0 0 0 0 0])
  ("single/dual" .
   [0 0 0 0 0 0 1 0 0 0 0])
  ("upViewport" .
   [2 0 0 1 1 0 3 0 0 0])
  ("pushViewport" .
   [0 0 0 0 1 1 0 0 0 0 0 0])
  ("FALSE" .
   [8 0 0 1 0])
  ("TRUE" .
   [4 0 0 0])
  ("if" .
   [28 1])
  ("1:2" .
   [3 0 0])
  ("print" .
   [10 0 0 0 0])
  ("seq.length" .
   [1 0 0 0 0 0 0 0 0 0])
  ("rbind" .
   [5 0 0 0 0])
  ("list" .
   [8 0 0 0])
  ("spl" .
   [1 0 0])
  ("seq.len" .
   [17 0 0 0 0 0 0])
  ("warnings" .
   [4 0 0 0 0 0 0 0])
  ("do.call" .
   [5 0 0 0 0 0 0])
  ("plot" .
   [12 0 0 0])
  ("function" .
   [24 0 0 0 0 0 0 0])
  ("linn" .
   [2 0 0 0])
  ("outer" .
   [0 0 0 2 0])
  ("return" .
   [16 0 0 0 0 0])
  ("read.out" .
   [1 0 0 0 0 1 0 0])
  ("zip.path" .
   [1 0 0 0 0 0 0 0])
  ("1:length" .
   [3 0 0 0 0 0 0 0])
  ("zips" .
   [1 0 0 0])
  ("qcs" .
   [3 0 0])
  ("file.path" .
   [3 0 0 0 0 0 0 0 0])
  ("file" .
   [6 0 0 0])
  ("vector" .
   [3 0 0 0 1 2])
  ("names" .
   [30 0 0 0 0])
  ("sapply" .
   [9 0 0 0 0 0])
  ("strsplit" .
   [2 0 0 0 0 0 0 0])
  ("base.stats" .
   [7 0 0 0 0 0 0 0 0 2])
  ("read.base" .
   [0 0 0 0 0 1 0 0 0])
  ("library" .
   [24 0 0 3 1 2 4])
  ("ldply" .
   [3 0 0 0 0])
  ("q" .
   [1])
  ("seq.qual" .
   [3 0 0 0 1 0 0 0])
  ("lapply" .
   [30 0 0 0 0 0])
  ("close" .
   [1 0 0 0 0])
  ("head" .
   [289 0 0 0])
  ("ggplot" .
   [2 0 0 0 0 0])
  ("aes" .
   [4 0 0])
  ("geom_raster" .
   [1 0 0 0 0 0 0 0 0 0 0])
  ("scale" .
   [2 0 0 0 0])
  ("scale_fill_manual" .
   [1 0 0 0 0 0 0 0 0 0 0 0 0 0 0 0 0])
  ("base.stats$summary" .
   [0 0 0 0 0 0 0 0 0 0 0 0 1 0 0 0 0 0])
  ("factor" .
   [5 0 0 0 2 0])
  ("geom_tile" .
   [1 0 0 0 0 0 0 0 0])
  ("my.theme" .
   [3 0 0 0 0 0 0 0])
  ("geom_path" .
   [2 0 0 0 0 0 0 0 0])
  ("geom_line" .
   [4 0 0 0 0 0 0 0 0])
  ("test" .
   [32 0 0 0])
  ("cast" .
   [6 0 0 0])
  ("ord" .
   [4 0 0])
  ("as.numeric" .
   [4 0 0 0 0 0 0 0 0 0])
  ("seq.qual$base" .
   [2 0 0 0 0 0 0 0 0 0 0 0 0])
  ("seq" .
   [6 0 1])
  ("as.factor" .
   [1 0 0 0 0 0 0 0 0])
  ("ylim" .
   [1 0 0 0])
  ("seq.qual$col.name" .
   [0 0 0 0 0 0 0 0 0 1 0 0 1 0 0 0 0])
  ("range" .
   [1 0 0 0 0])
  ("geom_rect" .
   [1 0 0 0 0 0 0 0 0])
  ("geom_density" .
   [1 0 0 0 0 0 0 0 0 0 0 0])
  ("apply" .
   [10 1 0 0 0])
  ("seq.len2" .
   [2 0 0 0 0 0 0 0])
  ("cleanup" .
   [2 0 0 0 0 1 0])
  ("seq.c" .
   [3 0 0 0 0])
  ("row.names" .
   [6 0 0 0 0 0 0 0 0])
  ("seq.c$base" .
   [1 0 0 0 0 0 0 0 0 0])
  ("colnames" .
   [15 0 0 0 1 1 1 0])
  ("seq.norm" .
   [1 0 0 0 0 0 0 0])
  ("melt" .
   [2 0 0 0])
  ("seq.nm" .
   [1 0 0 0 0 0])
  ("seq.nm$X1" .
   [1 0 0 0 0 0 0 0 0])
  ("l" .
   [3])
  ("labs" .
   [2 0 0 0])
  ("title" .
   [6 0 0 0 0])
  ("gl" .
   [1 0])
  ("gg.len" .
   [0 0 0 1 0 0])
  ("gg.base" .
   [1 0 0 0 0 0 0])
  ("gg.qual" .
   [1 0 0 0 0 0 0])
  ("barcodeplot" .
   [0 0 0 0 0 1 0 0 0 0 0])
  ("geneSetTest" .
   [0 0 0 2 1 0 0 0 0 0 0])
  ("romer" .
   [1 0 0 0 0])
  ("table" .
   [17 0 0 0 0])
  ("topTags" .
   [2 0 0 0 0 0 1])
  ("summary" .
   [12 0 0 0 0 0 0])
  ("boxplot" .
   [1 0 0 0 0 0 0])
  ("voom" .
   [1 0 0 0])
  ("load-theme" .
   [0 0 0 0 1 0 0 0 0 0])
  ("s.id" .
   [1 0 0 0])
  ("q.id2" .
   [1 0 0 0 0])
  ("mat" .
   [4 0 0])
  ("mat2" .
   [1 0 0 0])
  ("is.na" .
   [2 0 0 0 0])
  ("substr" .
   [5 0 0 0 0 0])
  ("sub" .
   [27 0 0])
  ("flattenedfile" .
   [0 0 0 0 0 1 0 0 0 0 0 0 0])
  ("annfile" .
   [1 0 0 0 0 0 0])
  ("DEXSeqDataSetFromHTSeqMod" .
   [1 0 0 0 0 0 0 0 0 0 0 0 0 0 0 0 0 0 0 0 0 0 0 0 0])
  ("count" .
   [1 0 0 0 0])
  ("dex.raw" .
   [4 0 0 0 1 0 0])
  ("tex" .
   [2 0 0])
  ("final.sel" .
   [0 0 0 0 0 0 1 0 0])
  ("tf" .
   [1 0])
  ("h" .
   [2])
  ("genesrle" .
   [1 0 0 0 0 0 0 0])
  ("dcounts" .
   [1 0 0 0 0 0 0])
  ("pdf" .
   [4 0 0])
  ("dev.off" .
   [5 0 0 0 0 0 0])
  ("il1b" .
   [1 0 0 0])
  ("hk.Gf$p.value" .
   [0 0 0 0 0 0 0 1 0 0 0 0 0])
  ("cpm" .
   [4 0 0])
  ("rm" .
   [3 0])
  ("as.data.frame" .
   [1 0 0 0 0 0 2 6 0 0 0 0 0])
  ("colSums" .
   [0 0 0 0 0 1 0])
  ("1:10" .
   [4 0 0 0])
  ("top10" .
   [3 0 0 0 0])
  ("rowsum" .
   [0 0 0 0 0 1])
  ("get" .
   [2 0 0])
  ("pfam" .
   [1 0 0 0])
  ("pf" .
   [1 0])
  ("read.pfam" .
   [1 0 0 0 0 0 0 0 0])
  ("dom.s" .
   [1 0 0 0 0])
  ("dom.s$group" .
   [1 0 0 0 0 0 0 0 0 0 0])
  ("order.c" .
   [2 0 0 0 0 0 0])
  ("seq1" .
   [1 0 0 0])
  ("LETTERS" .
   [0 0 0 0 0 0 1])
  ("letters" .
   [1 0 0 0 0 0 0])
  ("xx" .
   [4 0])
  ("label" .
   [9 0 0 0 0])
  ("circos" .
   [1 0 0 0 0 0])
  ("label$chrom" .
   [1 0 0 0 0 0 0 0 0 0 0])
  ("positive" .
   [1 0 0 0 0 0 0 0])
  ("label$col" .
   [1 0 0 0 0 0 0 0 0])
  ("fst" .
   [1 0 0])
  ("mm" .
   [3 0])
  ("snm" .
   [1 0 0])
  ("GENOME" .
   [1 0 0 0 1 0])
  ("gVCFs.list" .
   [1 0 0 0 0 0 0 0 0 0])
  ("fetch.genF" .
   [1 0 0 0 0 0 0 0 0 0])
  ("arrange" .
   [5 0 0 0 0 0 1])
  ("dom.str" .
   [5 0 0 0 0 0 0])
  ("heatmap" .
   [6 0 0 0 0 0 0])
  ("rename" .
   [3 0 0 0 0 0])
  ("detach" .
   [0 0 0 0 1 0])
  ("rename::dplyr" .
   [1 0 0 0 0 0 0 0 0 0 0 0 0])
  ("select" .
   [8 0 0 0 1 0])
  ("left" .
   [2 0 0 0])
  ("mutate" .
   [6 0 0 0 0 5])
  ("left_join" .
   [3 1 0 1 6 0 0 0 0])
  ("semi_join" .
   [1 0 0 0 0 0 0 0 0])
  ("as.dendrogram" .
   [0 0 0 0 0 1 1 0 0 0 0 0 1])
  ("order.dendrogram" .
   [0 0 0 0 0 0 0 0 0 1 0 0 1 0 0 0])
  ("do" .
   [1 0])
  ("od" .
   [13 0])
  ("a$X2" .
   [1 0 0 0])
  ("groups" .
   [0 0 0 0 0 2])
  ("group_by" .
   [5 0 0 0 0 1 0 0])
  ("summarise" .
   [3 0 0 0 0 0 0 0 0])
  ("mdom$query.name" .
   [0 0 0 0 0 0 0 0 1 0 0 0 0 0 0])
  ("ERROR:" .
   [0 0 0 1 0 0])
  ("mdom" .
   [3 0 0 0])
  ("dom2$query.name" .
   [0 0 0 0 0 0 0 1 0 0 0 0 0 0 0])
  ("dom2$label" .
   [0 0 0 0 1 1 0 0 0 0])
  ("plt.ssa" .
   [0 0 0 1 0 0 0])
  ("od2" .
   [1 0 0])
  ("arrow" .
   [1 0 0 0 1])
  ("rdom" .
   [3 0 0 0])
  ("rdom$domstr" .
   [0 0 0 0 0 0 0 0 0 2 0])
  ("hc$labels" .
   [0 0 0 0 0 2 0 0 0])
  ("rdom$protein_id" .
   [0 0 0 0 0 2 0 0 0 0 0 0 0 0 0])
  ("rev" .
   [2 0 0])
  ("od$protein_id" .
   [0 0 1 0 0 0 0 0 0 0 0 0 0])
  ("od$domstr" .
   [2 0 0 0 0 0 0 0 0])
  ("hc" .
   [2 0])
  ("hclust" .
   [6 0 0 0 0 0])
  ("ldom" .
   [8 0 0 0])
  ("subMatr" .
   [3 0 0 0 0 0 0])
  ("diag" .
   [1 0 0 0])
  ("dis" .
   [4 0 0])
  ("rowMeans" .
   [0 0 0 0 0 0 1 0])
  ("ddr" .
   [1 0 0])
  ("hm" .
   [1 0])
  ("hm$rowInd" .
   [0 0 0 1 0 0 0 0 0])
  ("read.xlsx2" .
   [1 0 0 0 0 0 0 0 0 0])
  ("mucR" .
   [2 0 0 0])
  ("filter" .
   [8 0 0 0 0 0])
  ("mucJ" .
   [4 0 0 0])
  ("mucJR" .
   [1 0 0 0 0])
  ("mucJ$USE" .
   [1 0 0 0 0 0 0 0])
  ("mucJ$col" .
   [1 0 0 0 0 0 0 0])
  ("rdom$USE" .
   [1 0 0 0 1 0 0 0])
  ("col.df" .
   [2 0 0 0 0 0])
  ("legend" .
   [4 0 0 0 0 0])
  ("n" .
   [1])
  ("write" .
   [0 0 0 1 0])
  ("lice$mf" .
   [1 0 0 0 0 0 0])
  ("confint" .
   [2 0 0 0 0 0 0])
  ("stats::confint" .
   [1 0 0 0 0 0 0 0 0 0 0 0 0 0])
  ("vcov" .
   [2 0 0 0])
  ("cont2" .
   [1 0 0 0 0])
  ("pois3" .
   [1 0 0 0 0])
  ("sessionInfo" .
   [0 0 0 0 1 0 0 0 0 0 0])
  ("ref" .
   [1 0 0])
  ("load" .
   [2 0 0 0])
  ("sep" .
   [1 0 0])
  ("chrom" .
   [1 0 0 0 0])
  ("gtk" .
   [1 0 0])
  ("sk" .
   [1 0])
  ("lims" .
   [3 0 0 0])
  ("ranges" .
   [1 0 0 0 0 0])
  ("dplyr" .
   [1 0 0 0 0])
  ("unit.c" .
   [1 0 0 0 0 0])
  ("log10" .
   [2 0 0 0 0])
  ("add_track" .
   [1 0 0 0 0 0 0 0 0])
  ("all.tripl" .
   [0 0 0 0 1 0 0 0 0])
  (".mat2col" .
   [3 0 0 0 3 1 0 0])
  ("coef" .
   [1 0 0 0])
  ("abs" .
   [1 0 0])
  ("gr_heat" .
   [1 0 0 0 0 0 0])
  ("breaks" .
   [7 0 0 0 0 0])
  ("viewport" .
   [0 0 0 0 1 0 0 0])
  ("0.2" .
   [1 0 0])
  ("width" .
   [1 0 0 0 0])
  ("0.4" .
   [1 0 0])
  ("bbr" .
   [1 0 0])
  ("matrix" .
   [1 0 0 0 0 0])
  ("grid.rect" .
   [1 0 0 0 0 0 0 0 0])
  ("grid.roundrect" .
   [0 0 0 0 0 0 0 0 0 1 1 0 0 0])
  ("grid.path" .
   [2 0 0 0 0 0 0 0 0])
  ("..." .
   [2 0 0])
  ("vp.set" .
   [5 0 0 1 0 0])
  ("grid.xaxis" .
   [0 0 0 0 0 0 1 0 0 0])
  ("nested" .
   [2 0 0 0 0 0])
  ("fill" .
   [2 0 0 0])
  ("legend_rect" .
   [1 0 0 0 0 0 0 0 0 0 0])
  ("p" .
   [1])
  ("s" .
   [2])
  ("POP" .
   [1 0 0])
  ("popViewport" .
   [0 0 0 0 1 0 0 0 0 0 0])
  ("unit" .
   [1 0 0 0])
  ("heep" .
   [2 0 0 0])
  (".mat2col_max" .
   [1 0 0 0 0 0 0 0 0 0 0 0])
  ("leg" .
   [6 0 1])
  (".mat2col_breaks" .
   [1 0 0 0 0 0 0 0 0 0 0 0 0 0 0])
  (".mat2col_legend" .
   [1 0 0 0 0 0 0 0 0 0 0 0 0 0 0])
  ("max.v" .
   [3 0 0 0 0])
  ("0.1" .
   [2 0 0])
  ("length.out" .
   [0 0 0 0 0 0 0 0 0 1])
  ("height" .
   [2 0 0 0 0 0])
  ("bottom" .
   [1 0 0 0 0 0])
  ("h.npc" .
   [1 0 0 0 0])
  ("space" .
   [1 0 0 0 0])
  ("top" .
   [1 0 0])
  ("gp" .
   [1 0])
  ("gpar" .
   [1 0 0 0])
  ("0.7" .
   [2 0 0])
  ("0.5" .
   [1 0 0])
  ("0.8" .
   [1 0 0])
  ("0.6" .
   [1 0 0])
  ("gene.list1" .
   [0 0 0 0 2 0 0 0 0 0])
  ("subset" .
   [1 0 0 0 0 0])
  ("to" .
   [1 0])
  ("with" .
   [1 0 0 0])
  ("group" .
   [1 0 0 0 0])
  ("ungroup" .
   [1 0 0 0 0 0 0])
  ("log" .
   [1 0 0])
  ("transmute" .
   [2 0 0 0 0 0 0 0 0])
  ("RRHO" .
   [1 0 1 0])
  ("limma" .
   [1 0 0 0 0])
  ("array.l" .
   [0 0 0 0 1 0 0])
  ("rna.l" .
   [1 0 0 0 0])
  ("rrho$hypermat.counts" .
   [0 0 0 0 0 0 1 0 0 0 0 0 0 1 0 0 0 0 0 0])
  ("array.hk$gene_id" .
   [0 0 0 0 0 0 0 0 0 0 0 0 1 0 0 0])
  ("rna.l2" .
   [3 0 0 0 0 0])
  ("array.l2" .
   [2 0 0 0 0 0 0 0])
  ("rna.l2$product" .
   [2 0 0 0 0 0 0 0 0 0 0 0 0 0])
  ("array.l2$product" .
   [1 0 0 0 0 0 0 0 0 0 0 0 0 0 0 0])
  ("rrho2$hypermat" .
   [0 0 0 0 0 0 0 0 0 0 0 0 0 1])
  ("1:20" .
   [0 0 0 1])
  ("colorRampPalette" .
   [0 0 0 0 0 1 0 0 0 0 0 0 0 0 0 0])
  ("mark.cluster" .
   [1 0 0 0 0 0 0 0 0 0 0 0])
  ("clusters" .
   [3 0 0 0 0 0 0 0])
  ("sk.Gf" .
   [1 0 0 0 0])))
